"U": [

			[
				1, 1, 1, 1, 1, 1, 0, 1, 1, 1, 1, 1, 1,
				1, 0, 0, 0, 0, 0, 0, 0, 0, 0, 0, 0, 1,
				1, 0, 1, 1, 1, 0, 0, 0, 1, 1, 1, 0, 1,
				1, 0, 1, 1, 1, 0, 0, 0, 1, 1, 1, 0, 1,
				1, 0, 1, 1, 1, 0, 0, 0, 1, 1, 1, 0, 1,
				1, 0, 0, 0, 0, 0, 0, 0, 0, 0, 0, 0, 1,
				1, 0, 0, 0, 0, 0, 0, 0, 0, 0, 0, 0, 1,
				1, 0, 0, 0, 0, 0, 0, 0, 0, 0, 0, 0, 1,
				1, 0, 1, 1, 1, 0, 0, 0, 1, 1, 1, 0, 1,
				1, 0, 1, 1, 1, 0, 0, 0, 1, 1, 1, 0, 1,
				1, 0, 1, 1, 1, 0, 0, 0, 1, 1, 1, 0, 1,
				1, 0, 0, 0, 0, 0, 0, 0, 0, 0, 0, 0, 1,
				1, 1, 1, 1, 1, 1, 1, 1, 1, 1, 1, 1, 1
			],
			[
				1, 1, 1, 1, 1, 1, 0, 1, 1, 1, 1, 1, 1,
				1, 1, 1, 1, 1, 1, 0, 1, 1, 1, 1, 1, 1,
				1, 1, 1, 0, 0, 0, 0, 0, 0, 0, 1, 1, 1,
				1, 1, 0, 0, 0, 0, 0, 0, 0, 0, 0, 1, 1,
				1, 1, 0, 0, 0, 0, 0, 0, 0, 0, 0, 1, 1,
				1, 1, 0, 0, 0, 0, 0, 0, 0, 0, 0, 1, 1,
				1, 1, 0, 0, 0, 0, 0, 0, 0, 0, 0, 1, 1,
				1, 1, 0, 0, 0, 0, 0, 0, 0, 0, 0, 1, 1,
				1, 1, 0, 0, 0, 0, 0, 0, 0, 0, 0, 1, 1,
				1, 1, 0, 0, 0, 0, 0, 0, 0, 0, 0, 1, 1,
				1, 1, 1, 0, 0, 0, 0, 0, 0, 0, 1, 1, 1,
				1, 1, 1, 1, 1, 1, 1, 1, 1, 1, 1, 1, 1,
				1, 1, 1, 1, 1, 1, 1, 1, 1, 1, 1, 1, 1
			],
			[
				1, 1, 1, 1, 1, 1, 0, 1, 1, 1, 1, 1, 1,
				1, 0, 0, 0, 0, 0, 0, 0, 0, 0, 0, 0, 1,
				1, 0, 0, 0, 0, 0, 0, 0, 0, 0, 0, 0, 1,
				1, 0, 0, 0, 0, 0, 0, 0, 0, 0, 0, 0, 1,
				1, 0, 0, 0, 0, 0, 0, 0, 0, 0, 0, 0, 1,
				1, 0, 0, 0, 0, 0, 0, 0, 0, 0, 0, 0, 1,
				1, 0, 0, 0, 0, 0, 0, 0, 0, 0, 0, 0, 1,
				1, 0, 0, 0, 0, 0, 0, 0, 0, 0, 0, 0, 1,
				1, 0, 0, 0, 0, 0, 0, 0, 0, 0, 0, 0, 1,
				1, 0, 0, 0, 0, 0, 0, 0, 0, 0, 0, 0, 1,
				1, 0, 0, 0, 0, 0, 0, 0, 0, 0, 0, 0, 1,
				1, 0, 0, 0, 0, 0, 0, 0, 0, 0, 0, 0, 1,
				1, 1, 1, 1, 1, 1, 1, 1, 1, 1, 1, 1, 1
			]
		],
		"I": [
			[
				1, 1, 1, 1, 1, 1, 0, 1, 1, 1, 1, 1, 1,
				1, 1, 1, 1, 1, 1, 0, 1, 1, 1, 1, 1, 1,
				1, 1, 0, 0, 0, 0, 0, 0, 0, 0, 0, 1, 1,
				1, 1, 0, 0, 0, 0, 0, 0, 0, 0, 0, 1, 1,
				1, 1, 0, 0, 0, 0, 0, 0, 0, 0, 0, 1, 1,
				1, 1, 0, 0, 0, 0, 0, 0, 0, 0, 0, 1, 1,
				1, 1, 0, 0, 0, 0, 0, 0, 0, 0, 0, 1, 1,
				1, 1, 0, 0, 0, 0, 0, 0, 0, 0, 0, 1, 1,
				1, 1, 0, 0, 0, 0, 0, 0, 0, 0, 0, 1, 1,
				1, 1, 0, 0, 0, 0, 0, 0, 0, 0, 0, 1, 1,
				1, 1, 0, 0, 0, 0, 0, 0, 0, 0, 0, 1, 1,
				1, 1, 1, 1, 1, 1, 0, 1, 1, 1, 1, 1, 1,
				1, 1, 1, 1, 1, 1, 0, 1, 1, 1, 1, 1, 1
			],
			[
				1, 1, 1, 1, 1, 1, 0, 1, 1, 1, 1, 1, 1,
				1, 1, 1, 1, 1, 1, 0, 1, 1, 1, 1, 1, 1,
				1, 1, 0, 0, 0, 0, 0, 0, 0, 0, 0, 1, 1,
				1, 1, 0, 1, 1, 1, 1, 1, 1, 1, 0, 1, 1,
				1, 1, 0, 1, 1, 1, 1, 1, 1, 1, 0, 1, 1,
				1, 1, 0, 1, 1, 0, 0, 0, 1, 1, 0, 1, 1,
				1, 1, 0, 0, 0, 0, 0, 0, 0, 0, 0, 1, 1,
				1, 1, 0, 1, 1, 0, 0, 0, 1, 1, 0, 1, 1,
				1, 1, 0, 1, 1, 1, 1, 1, 1, 1, 0, 1, 1,
				1, 1, 0, 1, 1, 1, 1, 1, 1, 1, 0, 1, 1,
				1, 1, 0, 0, 0, 0, 0, 0, 0, 0, 0, 1, 1,
				1, 1, 1, 1, 1, 1, 0, 1, 1, 1, 1, 1, 1,
				1, 1, 1, 1, 1, 1, 0, 1, 1, 1, 1, 1, 1
			],
			[
				1, 1, 1, 1, 1, 1, 0, 1, 1, 1, 1, 1, 1,
				1, 1, 1, 1, 1, 1, 0, 1, 1, 1, 1, 1, 1,
				1, 1, 1, 1, 1, 1, 0, 1, 1, 1, 1, 1, 1,
				1, 1, 1, 1, 1, 1, 0, 1, 1, 1, 1, 1, 1,
				1, 1, 1, 1, 1, 1, 0, 1, 1, 1, 1, 1, 1,
				1, 1, 1, 1, 1, 1, 0, 1, 1, 1, 1, 1, 1,
				1, 1, 1, 1, 1, 1, 0, 1, 1, 1, 1, 1, 1,
				1, 1, 1, 1, 1, 1, 0, 1, 1, 1, 1, 1, 1,
				1, 1, 1, 1, 1, 1, 0, 1, 1, 1, 1, 1, 1,
				1, 1, 1, 1, 1, 1, 0, 1, 1, 1, 1, 1, 1,
				1, 1, 1, 1, 1, 1, 0, 1, 1, 1, 1, 1, 1,
				1, 1, 1, 1, 1, 1, 0, 1, 1, 1, 1, 1, 1,
				1, 1, 1, 1, 1, 1, 0, 1, 1, 1, 1, 1, 1
			],
			[
				1, 1, 1, 1, 1, 1, 0, 1, 1, 1, 1, 1, 1,
				1, 1, 1, 1, 1, 1, 0, 1, 1, 1, 1, 1, 1,
				1, 1, 1, 1, 0, 0, 0, 1, 1, 1, 1, 1, 1,
				1, 1, 0, 0, 0, 0, 0, 1, 1, 1, 1, 1, 1,
				1, 1, 1, 1, 0, 0, 0, 1, 1, 1, 1, 1, 1,
				1, 1, 1, 1, 1, 1, 0, 0, 0, 1, 1, 1, 1,
				1, 1, 1, 1, 1, 1, 0, 0, 0, 0, 0, 1, 1,
				1, 1, 1, 1, 1, 1, 0, 0, 0, 1, 1, 1, 1,
				1, 1, 1, 1, 0, 0, 0, 1, 1, 1, 1, 1, 1,
				1, 1, 0, 0, 0, 0, 0, 1, 1, 1, 1, 1, 1,
				1, 1, 1, 1, 0, 0, 0, 1, 1, 1, 1, 1, 1,
				1, 1, 1, 1, 1, 1, 0, 1, 1, 1, 1, 1, 1,
				1, 1, 1, 1, 1, 1, 0, 1, 1, 1, 1, 1, 1
			]
		],
		"L": [
			[
				1, 1, 1, 1, 1, 1, 0, 1, 1, 1, 1, 1, 1,
				1, 1, 1, 1, 1, 1, 0, 1, 1, 1, 1, 1, 1,
				1, 1, 1, 1, 1, 1, 0, 1, 1, 1, 1, 1, 1,
				1, 1, 1, 1, 1, 0, 0, 0, 1, 1, 1, 1, 1,
				1, 1, 1, 1, 0, 0, 0, 0, 0, 1, 1, 1, 1,
				1, 1, 1, 0, 0, 0, 0, 0, 0, 0, 1, 1, 1,
				1, 1, 1, 0, 0, 0, 0, 0, 0, 0, 0, 0, 0,
				1, 1, 1, 0, 0, 0, 0, 0, 0, 0, 1, 1, 1,
				1, 1, 1, 1, 0, 0, 0, 0, 0, 1, 1, 1, 1,
				1, 1, 1, 1, 1, 0, 0, 0, 1, 1, 1, 1, 1,
				1, 1, 1, 1, 1, 1, 1, 1, 1, 1, 1, 1, 1,
				1, 1, 1, 1, 1, 1, 1, 1, 1, 1, 1, 1, 1,
				1, 1, 1, 1, 1, 1, 1, 1, 1, 1, 1, 1, 1
			],
			[
				1, 1, 1, 1, 1, 1, 0, 1, 1, 1, 1, 1, 1,
				1, 1, 1, 1, 1, 1, 0, 1, 1, 1, 1, 1, 1,
				1, 1, 0, 0, 0, 0, 0, 1, 1, 0, 0, 1, 1,
				1, 1, 0, 0, 1, 1, 0, 1, 1, 0, 0, 1, 1,
				1, 1, 0, 0, 1, 1, 0, 1, 1, 0, 0, 1, 1,
				1, 1, 0, 0, 1, 1, 0, 1, 1, 0, 0, 1, 1,
				1, 1, 0, 0, 1, 1, 0, 0, 0, 0, 0, 0, 0,
				1, 1, 0, 0, 1, 1, 1, 1, 1, 0, 0, 1, 1,
				1, 1, 0, 0, 1, 1, 1, 1, 1, 0, 0, 1, 1,
				1, 1, 0, 0, 0, 0, 0, 0, 0, 0, 0, 1, 1,
				1, 1, 0, 0, 0, 0, 0, 0, 0, 0, 0, 1, 1,
				1, 1, 1, 1, 1, 1, 1, 1, 1, 1, 1, 1, 1,
				1, 1, 1, 1, 1, 1, 1, 1, 1, 1, 1, 1, 1
			]
		],
		"T": [
			[
				1, 1, 1, 1, 1, 1, 1, 1, 1, 1, 1, 1, 1,
				1, 1, 1, 1, 1, 1, 1, 1, 1, 1, 1, 1, 1,
				1, 1, 1, 0, 0, 0, 0, 0, 0, 0, 1, 1, 1,
				1, 1, 0, 0, 0, 0, 0, 0, 0, 0, 0, 1, 1,
				1, 1, 0, 0, 0, 0, 0, 0, 0, 0, 0, 1, 1,
				1, 1, 0, 0, 0, 0, 0, 0, 0, 0, 0, 1, 1,
				0, 0, 0, 0, 0, 0, 0, 0, 0, 0, 0, 0, 0,
				1, 1, 0, 0, 0, 0, 0, 0, 0, 0, 0, 1, 1,
				1, 1, 0, 0, 0, 0, 0, 0, 0, 0, 0, 1, 1,
				1, 1, 0, 0, 0, 0, 0, 0, 0, 0, 0, 1, 1,
				1, 1, 0, 0, 0, 0, 0, 0, 0, 0, 0, 1, 1,
				1, 1, 1, 1, 1, 1, 0, 1, 1, 1, 1, 1, 1,
				1, 1, 1, 1, 1, 1, 0, 1, 1, 1, 1, 1, 1
			]
		],
		"X": [
			[
				1, 1, 1, 1, 1, 1, 0, 1, 1, 1, 1, 1, 1,
				1, 1, 1, 1, 1, 1, 0, 1, 1, 1, 1, 1, 1,
				1, 1, 0, 0, 0, 0, 0, 0, 0, 0, 0, 1, 1,
				1, 1, 0, 0, 0, 0, 0, 0, 0, 0, 0, 1, 1,
				1, 1, 0, 0, 0, 0, 0, 0, 0, 0, 0, 1, 1,
				1, 1, 0, 0, 0, 0, 0, 0, 0, 0, 0, 1, 1,
				0, 0, 0, 0, 0, 0, 0, 0, 0, 0, 0, 0, 0,
				1, 1, 0, 0, 0, 0, 0, 0, 0, 0, 0, 1, 1,
				1, 1, 0, 0, 0, 0, 0, 0, 0, 0, 0, 1, 1,
				1, 1, 0, 0, 0, 0, 0, 0, 0, 0, 0, 1, 1,
				1, 1, 0, 0, 0, 0, 0, 0, 0, 0, 0, 1, 1,
				1, 1, 1, 1, 1, 1, 0, 1, 1, 1, 1, 1, 1,
				1, 1, 1, 1, 1, 1, 0, 1, 1, 1, 1, 1, 1
			]
		]
	}
